174094882 45000001
517115276 14000002
232216857 61000003
892795431 23000004
341138742 77000005
931986502 86000006
024865090 06000007
138934460 66000008
184963788 29000009
135984076 36000010
154209737 26000011
016575412 00000012
146071777 73000013
359981826 60000014
380125094 78000015
351201640 61000016
898414398 80000017
877838371 07000018
349651099 68000019
348499255 33000020
374380880 68000021
198972282 89000022
078158612 42000023
586265392 46000024
182119762 95000025
200391819 53000026
252586772 29000027
419698255 49000028
125083939 67000029
997693576 65000030
825441616 33000031
553282536 18000032
621462915 03000033
649293440 59000034
634288758 12000035
574444429 30000036
778730382 52000037
037297534 32000038
113253512 22000039
640703400 53000040
106750045 49000041
564821683 14000042
849207060 70000043
567384926 57000044
745798302 23000045
671554026 06000046
111730048 30000047
129038857 70000048
893074783 71000049
008345014 56000050
203566676 77000051
191627276 51000052
399592653 24000053
442792373 15000054
785832411 59000055
510645308 91000056
347463652 81000057
031552217 48000058
236303528 07000059
225910850 79000060
053410485 92000061
541395827 96000062
177190341 75000063
332412908 74000064
568077431 36000065
301904293 14000066
820559328 74000067
814355268 92000068
959450588 01000069
322270313 37000070
095583783 79000071
391828018 48000072
609300876 35000073
658394839 76000074
458615519 64000075
542532682 66000076
394562535 66000077
144626825 51000078
015176002 43000079
362823434 36000080
847398008 80000081
514363921 98000082
234023198 98000083
913514253 89000084
287014819 35000085
979801475 55000086
092824504 40000087
511590838 72000088
693810338 48000089
015413735 85000090
690893606 97000091
894156666 67000092
140612149 52000093
341523168 82000094
771260494 60000095
362458812 14000096
982452998 38000097
698662382 62000098
757827802 08000099
928205527 67000100
878160958 90000101
007255214 86000102
468983551 55000103
840547214 99000104
030350767 83000105
644195574 73000106
408815232 46000107
662904931 19000108
955560594 63000109
490539128 81000110
860249022 15000111
444250421 27000112
795540341 22000113
982278583 94000114
469856607 27000115
264713216 38000116
328601260 54000117
679347881 63000118
876172378 58000119
587331081 09000120
249157334 22000121
012770241 03000122
739597202 86000123
708183036 20000124
284183758 17000125
048813678 95000126
556630088 23000127
065097228 29000128
448272584 73000129
951902831 43000130
104079081 40000131
795382321 04000132
075905120 98000133
917330766 02000134
898999420 87000135
873076421 91000136
603362214 32000137
605496082 74000138
076012938 51000139
566889870 79000140
158639453 82000141
394851328 16000142
467796419 26000143
315970261 76000144
253407553 18000145
880175059 09000146
354272672 20000147
117591817 86000148
699266584 03000149
783112576 21000150
611574856 49000151
843253832 70000152
680119536 31000153
534031790 35000154
291261701 52000155
290518368 86000156
166704989 49000157
875648687 80000158
956900135 58000159
017746707 41000160
218357147 68000161
230278859 71000162
347137127 53000163
445514126 63000164
300813816 98000165
013939365 54000166
050655189 62000167
250525206 72000168
800683064 37000169
052075618 18000170
565926523 21000171
228887400 59000172
953099511 12000173
339723304 84000174
392490574 76000175
630908015 10000176
395896257 63000177
859302515 77000178
941785788 42000179
384130417 72000180
131315150 51000181
221553892 84000182
275840944 35000183
841033406 75000184
560983579 04000185
874023541 66000186
452912499 37000187
658789771 65000188
013260574 49000189
061190421 97000190
093331356 95000191
988395136 28000192
819813343 92000193
721761730 60000194
256072095 43000195
256088157 57000196
923727936 38000197
106876512 95000198
615413850 92000199
133529048 57000200
330303211 08000201
187289230 28000202
255812498 82000203
717950340 15000204
342329492 49000205
044985323 01000206
719883293 32000207
834020121 07000208
668058895 73000209
222002316 87000210
728795929 13000211
081920247 58000212
100716930 37000213
304323102 77000214
130703631 95000215
615109730 81000216
517179498 00000217
185089280 85000218
147361680 86000219
571028355 61000220
493832337 30000221
148789897 91000222
958969331 41000223
457634638 34000224
278901407 34000225
945689899 70000226
845693620 06000227
516197350 06000228
518272452 25000229
869835505 81000230
507341564 17000231
040610552 58000232
327852729 76000233
315989549 52000234
522308728 37000235
541829689 81000236
637541012 28000237
546773449 18000238
387971143 52000239
915567902 31000240
987844435 80000241
294983504 35000242
257774404 11000243
540286814 76000244
498738628 09000245
804968284 79000246
407481822 14000247
669381364 52000248
201038733 14000249
561219180 47000250
741198103 25000251
032263361 58000252
219397213 20000253
927450329 78000254
011474399 67000255
620962303 51000256
967927568 24000257
630918768 40000258
379622730 73000259
073646740 12000260
446345020 16000261
937915244 13000262
468870344 67000263
181212311 10000264
891097745 16000265
783931396 37000266
520717067 17000267
548175217 53000268
100050078 64000269
914808997 99000270
960638036 94000271
204436918 91000272
186350910 82000273
268977893 05000274
639774358 33000275
361047427 15000276
722703609 89000277
640290322 47000278
745313343 52000279
169884145 73000280
027770200 86000281
450157327 91000282
140331583 05000283
102510406 48000284
956222174 78000285
600213924 15000286
406681331 05000287
893898439 96000288
977252328 33000289
857881351 20000290
865539535 48000291
503508435 81000292
260221650 17000293
738351321 94000294
230148661 38000295
794435442 77000296
566907098 67000297
320153565 46000298
815853328 76000299
964632105 87000300
003734620 11000301
653495343 77000302
091540071 23000303
773339158 88000304
024433676 61000305
481659687 19000306
167637127 94000307
718248816 20000308
485944499 45000309
321743190 73000310
842698774 87000311
832193744 43000312
513280903 49000313
443985381 23000314
898510618 18000315
772823669 65000316
138076160 31000317
043158954 57000318
446775268 89000319
198050296 02000320
292673605 21000321
711532668 15000322
869466288 16000323
878979058 26000324
971751644 99000325
615560750 79000326
568537075 23000327
049858009 77000328
447592322 31000329
973043780 88000330
127491936 20000331
720053577 44000332
338644592 44000333
242532340 23000334
720776175 67000335
908574256 58000336
828527673 35000337
694459692 95000338
617837269 10000339
045636467 63000340
914750055 88000341
698156060 47000342
864034100 43000343
610568676 78000344
945102867 07000345
746229656 40000346
696291264 70000347
824100361 79000348
802989747 75000349
391296114 98000350
697482582 56000351
193713206 89000352
939113482 49000353
143949521 67000354
251807574 29000355
184481284 67000356
315854266 46000357
140466758 11000358
511907634 45000359
726562965 32000360
163490565 06000361
533266062 00000362
520561049 40000363
266407266 85000364
100213843 50000365
870535630 29000366
937939302 51000367
183374671 94000368
612825778 42000369
065056072 44000370
405066263 17000371
555489981 27000372
792182979 90000373
064253519 78000374
491987969 56000375
474486514 98000376
873457751 33000377
796534024 98000378
042615610 50000379
487081728 01000380
191032322 81000381
875626474 37000382
054373805 68000383
268126624 30000384
205105801 38000385
284572389 16000386
221385668 93000387
576957700 25000388
930376152 59000389
535536685 21000390
026896258 86000391
616712524 92000392
700490810 01000393
735695066 23000394
675256667 86000395
455800442 28000396
650999387 15000397
199852310 73000398
885969311 91000399
246808950 46000400
867331731 34000401
277336553 60000402
956332996 35000403
514717996 52000404
237097695 69000405
935818961 84000406
534641521 75000407
483852313 20000408
008528871 08000409
632227084 74000410
344460553 72000411
190888091 67000412
865980546 76000413
401884946 40000414
929124399 77000415
667939454 69000416
868267586 82000417
435662649 24000418
296622565 29000419
574434921 33000420
733054512 85000421
601892738 42000422
676302939 92000423
229494846 34000424
283378375 91000425
491762522 86000426
155962689 06000427
406635418 84000428
473243251 24000429
950685419 19000430
232229175 09000431
989801806 84000432
550860546 29000433
325635728 54000434
892868885 99000435
429987831 30000436
663408376 60000437
520736879 48000438
085724292 01000439
501400574 77000440
528359789 60000441
901916014 34000442
796907554 94000443
209733770 53000444
126424603 52000445
711496598 78000446
402905826 29000447
698395701 20000448
765632855 88000449
019456771 83000450
633835961 19000451
439192607 09000452
387308683 06000453
853986056 38000454
960599175 48000455
841170256 88000456
053437560 61000457
098795371 17000458
316914270 86000459
497013119 99000460
593561439 54000461
550372243 05000462
803065408 84000463
817780900 02000464
045421684 66000465
628852769 21000466
607600558 44000467
396368411 55000468
429240576 04000469
475591844 65000470
104995875 48000471
602627315 95000472
989740847 20000473
886023913 79000474
331256206 17000475
705612261 05000476
533125721 71000477
228094931 41000478
430487328 23000479
985083515 83000480
716090531 42000481
015904260 52000482
423850532 97000483
374988809 73000484
076124286 39000485
835109625 48000486
531708046 96000487
852221785 99000488
296950625 23000489
161022103 55000490
008016449 09000491
251402151 63000492
082564245 21000493
150517237 30000494
984495051 24000495
060199370 56000496
085791026 90000497
959911475 13000498
984344017 41000499
750958127 09000500
678848513 51000501
472464814 86000502
660979934 14000503
076228623 89000504
373764130 32000505
023437520 76000506
086894393 30000507
070723731 59000508
181838884 72000509
126708341 92000510
211351108 12000511
445055308 90000512
728059891 15000513
379074472 14000514
627112585 84000515
685859721 97000516
235279652 83000517
573597910 38000518
286156918 92000519
988428617 31000520
497598155 22000521
673794724 93000522
742196799 46000523
277312971 26000524
637422564 15000525
323292979 59000526
429025319 04000527
759088285 44000528
147591490 60000529
731186031 68000530
415260430 69000531
563528506 56000532
422556136 03000533
014370925 22000534
842858272 20000535
391015445 99000536
269035688 95000537
691420787 81000538
833517251 58000539
240815335 85000540
799244169 26000541
852012829 76000542
887854591 00000543
618717107 79000544
360344965 98000545
038643143 12000546
074849397 15000547
732859793 75000548
019846213 90000549
728092094 20000550
664613645 89000551
744167540 23000552
322398939 75000553
529589704 10000554
382732356 07000555
296642759 60000556
761502578 41000557
925293022 60000558
925165474 92000559
197164317 55000560
529083992 44000561
255362841 26000562
691434684 38000563
474646638 06000564
116905811 15000565
834908193 87000566
470763926 98000567
951700712 69000568
430222333 10000569
230992656 63000570
488883513 73000571
740619462 43000572
013583747 12000573
390828607 81000574
651405790 53000575
948438807 43000576
320864697 77000577
925567645 06000578
253668634 91000579
544439674 76000580
342195961 18000581
360690946 93000582
613630752 79000583
533169583 87000584
114357017 86000585
516991129 53000586
046328950 08000587
185704743 42000588
540249463 88000589
919320608 80000590
312495529 82000591
900674263 43000592
611412926 09000593
895207409 25000594
358246831 78000595
725085306 19000596
517403908 30000597
814342646 54000598
820982140 62000599
420666271 19000600
725130898 41000601
667102833 12000602
631545344 73000603
432140789 70000604
313610833 13000605
214962492 21000606
900952517 13000607
165303424 36000608
259376391 05000609
819054884 83000610
875025015 24000611
624554949 29000612
691306233 90000613
570990179 34000614
155349754 81000615
363715110 25000616
010734311 87000617
905921203 47000618
001831188 33000619
592834590 62000620
459851876 75000621
943105460 81000622
174454290 79000623
470564925 51000624
214332194 93000625
550617316 20000626
468296819 63000627
987530054 13000628
573784280 41000629
658372197 12000630
112135601 53000631
085322679 29000632
612100800 59000633
812430200 41000634
965397489 40000635
877560380 94000636
935478614 73000637
970544658 47000638
875217769 49000639
311495502 39000640
698813600 95000641
487499838 52000642
153167305 22000643
150262836 74000644
537788403 58000645
931709335 73000646
649400978 65000647
223537910 50000648
936559619 91000649
759475032 03000650
885940377 95000651
906876909 17000652
985904052 58000653
074934011 47000654
106438010 45000655
359427082 30000656
125751853 16000657
084875755 02000658
480495412 47000659
902247701 71000660
785157437 29000661
225250408 84000662
433522050 43000663
268815623 89000664
115681871 99000665
204128004 60000666
039854544 80000667
989709849 20000668
807302507 02000669
790064151 29000670
706363676 63000671
324817190 67000672
133817913 01000673
830346732 54000674
827936546 41000675
987601355 68000676
682465339 48000677
920155947 50000678
901413298 63000679
995110769 22000680
469323418 01000681
689576382 14000682
540911855 54000683
309779119 84000684
792599476 87000685
496236718 81000686
348488544 10000687
121020501 08000688
705254242 98000689
566104166 53000690
146291677 77000691
057703373 15000692
178041930 80000693
821063854 94000694
158085811 51000695
629170542 76000696
827958183 79000697
358309569 38000698
981736863 26000699
087048181 38000700
789519669 55000701
281627880 50000702
997336538 39000703
266591498 74000704
427272098 16000705
227483984 68000706
687587571 73000707
709692201 61000708
559646726 86000709
928844079 98000710
411567320 88000711
931361015 22000712
204271833 49000713
633226522 45000714
623857811 00000715
037967887 15000716
231664219 72000717
828260794 18000718
610789518 41000719
647579304 49000720
507496475 58000721
502170218 12000722
660811828 08000723
852803735 43000724
254518840 18000725
297622417 42000726
142947031 61000727
772537791 38000728
247222741 88000729
173210915 78000730
917378746 52000731
199972602 51000732
001098415 09000733
524300168 71000734
702776459 60000735
558543363 76000736
279675085 07000737
366251703 72000738
545460675 78000739
816922382 11000740
647868237 11000741
970790407 79000742
698182173 36000743
931648851 10000744
369696895 48000745
426863316 06000746
920336664 86000747
006987849 78000748
011034970 32000749
705229015 56000750
739685966 03000751
621387599 75000752
227035526 52000753
709557773 65000754
561353061 73000755
843464852 51000756
630447246 16000757
663316556 88000758
914704555 47000759
529802652 58000760
998630013 86000761
882597142 09000762
817656533 56000763
355701037 31000764
349602198 88000765
750903725 23000766
577901144 59000767
564768000 86000768
783382638 56000769
706113950 13000770
886797060 14000771
642822687 92000772
938606688 67000773
331150403 44000774
424913712 38000775
141502660 73000776
720085991 95000777
693934756 52000778
672488280 77000779
166674075 13000780
396290706 37000781
300591122 20000782
518812755 01000783
208720973 06000784
239293334 66000785
540225395 78000786
946342056 98000787
528992370 63000788
016756390 63000789
657111063 88000790
748909565 24000791
870838718 27000792
560242763 68000793
645308698 82000794
163260628 86000795
261348725 15000796
717480464 15000797
645650492 17000798
777635217 96000799
156961804 75000800
735740584 31000801
638010339 23000802
789370371 33000803
049838708 42000804
864867577 15000805
005898287 63000806
580107293 86000807
073608660 99000808
328075526 09000809
507455608 90000810
377353464 25000811
151548130 56000812
509757934 83000813
860796557 36000814
033993011 83000815
882083608 51000816
596369449 97000817
815230754 45000818
320775266 01000819
411865694 62000820
221050897 78000821
214380787 99000822
006081060 48000823
735978648 65000824
331863973 17000825
525021503 87000826
532490853 37000827
505028136 31000828
860977289 23000829
898602577 44000830
226454834 15000831
078874278 19000832
802024757 07000833
005434408 25000834
038147304 77000835
095775089 38000836
490650830 22000837
671410523 34000838
784268717 32000839
201556713 82000840
736347569 28000841
241685444 81000842
103589909 28000843
301454154 68000844
749356283 66000845
655731989 72000846
262159478 99000847
522271841 09000848
857845597 56000849
319446612 98000850
104532820 17000851
279180550 01000852
858147512 01000853
759135932 15000854
974542745 55000855
985516997 28000856
931116898 61000857
131196721 55000858
891044836 33000859
112393060 62000860
643129322 92000861
490655226 55000862
068684366 55000863
196868859 23000864
893681041 77000865
912953901 85000866
757086522 58000867
560136873 46000868
657868443 95000869
237767079 68000870
024584897 21000871
096336184 82000872
367753265 16000873
442300694 80000874
265334181 53000875
336353274 97000876
644152007 55000877
312598860 63000878
373044544 15000879
072978389 96000880
546772101 55000881
376873847 94000882
013570177 04000883
191006383 02000884
515684133 86000885
782824469 87000886
016264452 98000887
416589038 55000888
242450342 41000889
804112360 15000890
984739685 44000891
798122272 78000892
283381069 99000893
746195899 19000894
793450394 28000895
472762208 91000896
373548541 42000897
346311356 68000898
110037112 96000899
943017975 15000900
820459051 10000901
797562296 44000902
409363125 77000903
886079499 49000904
298732837 08000905
447346312 24000906
095531217 08000907
437619365 04000908
023556676 60000909
643459869 62000910
962069436 29000911
051673783 13000912
252016173 95000913
173366653 47000914
472619811 76000915
825017067 46000916
595142706 81000917
849518102 41000918
563689305 01000919
057866938 31000920
050060505 03000921
608676194 46000922
363457079 38000923
042600198 08000924
212164930 57000925
989268890 32000926
934530998 74000927
686686025 69000928
121799317 74000929
842576932 21000930
278485918 17000931
598367785 50000932
007642669 03000933
398591070 12000934
347163688 24000935
523022863 10000936
445122891 99000937
844786883 94000938
095578088 73000939
590903726 79000940
912329790 53000941
433517155 76000942
454620501 66000943
417779264 32000944
831611113 56000945
930038113 20000946
838930754 10000947
718728599 93000948
646933134 58000949
205425090 97000950
142103569 68000951
483107602 36000952
358211031 94000953
729736029 30000954
867626107 65000955
172433329 20000956
683795502 78000957
127707173 17000958
382882277 53000959
684117229 27000960
751131024 84000961
349275785 71000962
847606255 12000963
844438859 13000964
799756087 15000965
099632048 98000966
304470625 74000967
033098865 35000968
560206907 04000969
316718241 54000970
004896274 88000971
042470454 39000972
684305088 34000973
584093950 14000974
088209325 14000975
009214523 41000976
956547908 01000977
046786689 06000978
744883013 68000979
986072322 69000980
115452483 49000981
978475281 70000982
118909013 62000983
610665536 29000984
491878710 29000985
011430238 45000986
394247024 98000987
337706388 02000988
756907507 27000989
305297484 31000990
344800864 18000991
580758555 09000992
415571107 15000993
488116527 13000994
849264961 72000995
536139282 90000996
785792591 81000997
162640189 39000998
287120672 52000999
094493884 67001000
