59321114
63241046
39931088
45561109
40461109
41241095
13611108
63321055
32891047
48461110
33921096
77461051
14441035
66741087
67741082
24351116
79131115
63981105
44941109
34051112
62641096
22381085
19231045
19621036
39931064
47481119
47851075
62091044
29721119
86391081
58121096
36721079
40481107
32771096
52211105
16691078
10911081
36731064
18701033
65831096
23231035
96141113
92931111
64551095
74471092
93971107
43571095
85781054
59641051
47311032
12401112
98281107
41811088
54501071
79921085
42881057
57241097
66341044
64851115
10461093
84181066
97411066
11461056
95591122
84581034
26301039
53461101
62671109
62321102
86701079
82281104
51301115
65241073
52841109
49011042
74971121
58581100
57261104
34051034
50031044
80921119
49331069
95101055
15051107
62691075
28281046
99911102
34961114
45631071
93731036
21441062
39731117
57171047
85721078
11791063
99771071
89431113
37441034
57971089
47621061
23111076
73511038
60181073
43651085
42091054
49961043
32591094
96811043
45111107
36981119
74921092
71761100
83241044
14491053
66001069
97501083
49221068
37031110
74331056
39221083
58601092
71121046
11031115
65521037
32921117
85341104
75121035
94231070
60121114
94301054
18391102
13121120
60471092
52741080
12881090
81511088
13671089
94151104
58471072
99891043
34831037
59431114
26881078
71951052
83271086
52751052
90291068
73571055
53831079
91691073
57171033
24721065
38841070
89551077
25441120
54641041
97661116
14121046
18191095
18671114
13291069
55501048
89731111
94931064
15861091
66961122
92621118
81161066
16291087
54841066
17651056
86971047
64201066
81871086
78111071
89991050
37801091
65541099
37701075
14791104
21561114
29261088
79531078
41931034
39041098
38861044
71721062
85941052
65451060
57211046
77961068
89851101
84601064
29061076
38951082
86761074
46111114
86211035
88391088
24851073
48231053
56761038
41761057
80891044
63971063
87591093
89211077
29661067
97941069
38291052
23641090
89151038
63261040
69971107
11561090
49551111
55211052
85821037
31401059
40631067
29641071
55061114
14161070
93401083
47131061
58601086
37001034
53391094
12731085
74801099
27031061
98721075
75391055
90321064
35381041
22971101
21001060
98921093
93971100
59961092
30131113
40331117
54281066
72441100
97871080
40361107
80891114
34031072
84871073
18221041
48561090
67481091
30321090
56631100
34571068
57571061
56461044
10931040
65951070
88061097
55021052
85051121
23871112
20311056
37171115
81881058
41791073
39621107
84631035
17391072
71061059
55171085
34791063
98381083
33451110
67951058
19831091
93661119
82971032
43211049
96561088
19281097
20411095
86391093
10061054
66681113
51201035
59701091
66981064
25611085
79571085
23011114
18641046
76251072
90191078
51451075
57291035
60211110
75761055
34831114
35521113
70981097
47311046
80301098
58921089
80861091
89711063
36641110
85131062
75481050
57381106
14081093
50771047
34671106
24691058
25301047
90151110
18411036
36581043
20691090
64591105
40121041
76711084
10361069
52711068
17321109
60911121
95991094
73411108
70221059
40951087
71931041
18331067
57521058
90441107
85491089
98621114
25661095
79061051
40951080
99561078
85141076
29571049
44481102
56401091
73151076
38561093
23451053
25661085
16351074
18051036
59161094
78571042
99641108
55991065
68991091
83571095
29681081
32611061
85091102
82411087
41431056
78921088
24461064
89761121
57731076
29711079
84041034
13591034
87671091
51221072
26531056
70761044
24391096
84671112
66391119
30041076
85841062
55931116
76421053
36721115
26891056
20971078
37381061
23981119
38731077
14981091
35351107
70711108
65101100
13141070
22731084
17531077
77331094
80451101
82991041
94381063
36461118
97041114
46401104
68611110
10671044
22391083
25411060
40291055
79421120
65771065
18371039
70261080
46431101
72431050
90801089
75811043
44671102
69481032
45421068
36881050
56261110
30391087
98241117
87451073
27891108
43291035
10061068
65911050
61401037
47981097
99561108
10001056
47551101
59911064
53301097
54741078
54291080
54301080
24131097
25361077
95621087
71301041
92601057
27191082
64061115
26721050
91901119
77741051
95941077
44251058
14891085
18421032
17781060
17141063
90551067
72871069
50031077
27571065
41321095
14871098
67021062
77071094
79731051
88051068
51031071
28081091
52241068
79821120
29991068
28201102
43861067
44591051
90781121
54781066
33481102
93021097
41381108
21411037
99661093
65331117
93111048
35521080
28511068
31321092
68131109
39961032
56691081
79351066
67761115
27311105
69761042
44181090
35821038
55471090
34181076
19721070
95191065
55191089
89101104
44831115
70791095
90631063
71661097
53051053
56231102
95581118
71161113
45341059
42461035
59671096
41901107
11811113
54501037
55941085
54831107
76631113
46601058
88291054
25281062
26301081
38491096
15441043
59841057
61361047
48991049
75251092
37201083
20841108
84801040
34801113
53021114
68221046
49551043
44791082
82761079
49161085
71491099
98921048
53011061
46961038
36861064
18041092
38021108
73351108
21621120
70751112
95591073
18261058
99501056
51221075
20741036
81721051
42731109
78651080
60281122
20571074
94811075
14931037
83511072
62301062
71061066
73671098
23601108
32801040
77201052
94171107
47051033
37361048
57821078
89901092
39051108
60791114
35791072
12511120
56531083
60571108
42231118
54921118
18001042
56751038
34831098
17581075
66871054
87311071
11061084
56591061
60401116
97971098
14651082
14091114
27481082
52201050
57681047
10331104
60121119
53971064
36881078
23201065
65261068
90681052
19791077
28441048
41951087
37241058
79781037
20021117
63341072
39201062
41571102
14711059
38731052
15571070
31131076
95211036
26081097
39161038
11091119
18811088
12901104
87161119
88301096
34971101
73941054
58831041
82371040
72761099
11371119
24361111
74751096
94521110
58321111
32051083
16281049
61081067
59491058
54471055
19851105
33331057
66581112
26581091
21481036
49981041
82491081
26521059
91161082
11071058
51331081
10651111
26621113
31861055
90771100
44011059
37441078
13391107
88411046
41051059
65721117
78841085
25401114
92961049
83191066
73961112
39251049
58711117
41671080
57861104
36101060
37581095
81211072
95221108
92651082
83971047
59911114
18851120
82171106
25411044
75131117
14181092
94211065
82501059
36471053
75881092
94441048
71671117
96361066
24111077
58821076
74371087
56381092
36811044
43321061
75411115
94911034
51171115
90501060
85691116
49881057
24031058
78781083
54061112
29701114
82991116
66611032
87411098
86671105
52381118
41821042
85271075
29391064
28141063
80211050
21191061
90601108
20571106
98141112
27981063
17961040
59191103
92171108
13831035
24101077
52191094
21921089
98181117
19831094
19521122
87061120
19601071
39071108
19541055
97961114
75371073
99921060
24721101
20081091
60751070
54911074
53361064
33211076
88041070
47851106
80751073
95421066
32541063
13521092
80961093
16111086
94581032
86001062
67431069
20671059
98141061
25841065
13361106
95131049
67981056
91191071
15261110
79481117
35061066
17591112
11311086
77081098
19431095
97721032
16921037
56381117
23911112
30541109
40691078
61471105
15321039
38151058
28351096
18081041
64751042
40041105
36481077
74861090
98231033
39481118
48141070
76231121
61341073
93201069
89301095
53431066
75361084
11821042
84681044
27941094
54271095
26821061
57041086
99251079
91161048
75931105
97761046
82051057
92181082
63811107
35261075
44421086
85421104
59051060
49681085
14671094
41301080
66021116
90171050
99251100
26991099
11411060
93491047
75071036
15881119
22661058
27541067
14001104
32241094
26981071
69761036
90611122
86531088
83521077
65781073
46511061
53791113
93821110
31441121
45701061
44741059
54301091
39171090
42841061
43241072
90241048
29881093
82251098
62441079
38841112
14491079
58121084
62741048
13761100
54921049
82321112
27901045
15261070
28301040
93981075
59441054
95381117
15201053
35581121
37581113
88901110
19391070
90101071
27651034
59911084
19641086
41581067
25111050
89931096
27581091
84131068
59511103
11231102
13241077
26391075
68681095
99781033
28181090
15581099
90401106
84021108
75891083
38201083
38671100
49831116
64971067
41261075
81851035
90271052
99861046
75741110
65201104
54931043
57241091
80081070
72091085
62231044
69781089
83931035
48481121
20191101
85161084
13231117
49051089
14591059
14881064
60831112
17241098
69121078
43331059
66551046
49391101
45891108
17931073
49121037
91091039
25161050
37531071
17351119
22591093
59641034
69231063
34591119
16051064
87121075
56121108
97401103
12421122
13591090
77391076
28191112
21251122
83211108
52621075
51291059
75731050
25281038
25331085
62521099
39341060
46641110
97011086
84281093
30531046
16091074
49661058
89831059
98451108
24881122
46761063
85811084
76431033
98621092
65421081
88061088
36961056
80081076
59451110
50301102
78141104
85761104
63831108
83081087
29911032
49301037
99831100
57791082
72211052
52121080
53411106
89391065
39441122
88901067
42771055
68351062
47331119
59201042
86711035
37391075
17761042
47761047
33391097
16601121
96701083
73411109
14341063
23451077
75441113
34171064
59511122
28241112
84681065
29211038
25601075
22771102
41441095
75601092
66061059
59571096
41251049
93181108
11041089
29391099
99721037
64921093
34621053
50181094
58391115
34621079
20491065
42611076
65441115
97471057
67701071
62321058
63651036
97271072
16471100
28651084
49181095
19271046
68241048
92321118
98641102
79501045
39651080
51901111
70411050
35301059
40491039
33401086
93031102
84731067
41741103
49321109
93101092
79021038
31071073
45091114
59201113
50781076
58261083
11201056
32581059
86221094
87081101
27691096
32431058
37821093
71331035
51971102
82661037
67811078
97431061
76091100
18021043
26251113
10951037
85631085
70231055
58291073
92411089
37681104
69521117
98101113
37031035
50241084
28401080
64071073
44011061
91771108
37671098
80651053
85721105
91271109
55611099
34341098
68171114
85301086
21651119
45941117
43621042
29791041
30761078
15571104
58671065
50191095
45221062
38701054
70601065
22721066
99611047
72181070
56751101
62391039
94971099
20621118
98891081
73561093
12281112
68081121
42051064
13261118
71341076
95731073
48281045
21431039
16941099
80441107
45171054
29341056
71441093
92771110
89331036
36681072
71141042
28351104
53811047
70421099
67881080
83481073
82571105
90041037
79661102
46591041
62891055
13941064
13841069
69171096
65461053
87351086
20941089
16741055
27641064
44111078
81041033
56711085
34191044
80861038
91351058
27041063
47561073
20891071
65291067
19351107
50501104
36121110
11811102
24921056
91011096
62801105
32951104
22531101
12451047
16811063
98891053
68361097
98321082
38221094
58231106
17311067
88501041
65391038
56741051
63681089
59271064
97631088
72841090
10411112
51411034
90761034
15631084
11301091
97361044
93211118
13951107
20451057
91821115
38751067
73571102
47681081
50321040
24401073
47551037
56921072
13981071
96631051
17351072
48071083
31841072
41271060
71411106
17471035
21481037
62561114
14261099
78291088
38051079
96341076
43641049
15181075
71231067
81521068
33381062
24991091
52531106
61381095
13491081
73121109
26911033
48771082
86231037
22371036
72391036
95221043
18221085
13581107
96711081
40431051
97981094
54431079
53411062
38371050
45511067
28391092
85321106
24601086
45051091
18161088
27041066
75571041
34011102
77921077
22881095
19351119
26541069
35321065
20951064
19331079
53711120
23061035
63371077
35921108
23111045
55821032
54261092
99031042
57371060
27831084
68761108
76891059
16011052
22881108
71201109
70841101
94291066
63461107
52231050
25901090
71701112
58341084
32961109
66301090
95151080
89921053
70321115
16661105
35971109
52611119
56001094
97421066
85911120
47561063
21291034
43761059
67361086
77101087
84461076
94121091
33341089
29091039
98871118
92321107
92731089
63781068
20571089
43191068
50141039
45041076
46411041
74451054
42731055
18971078
12791073
12461050
87401032
89481105
77021067
44971064
22121075
30281096
23141092
30281056
25021114
94121076
33981068
89691110
63741099
46651040
86731077
62941033
41771064
37361042
92681076
31461063
97741115
13611100
42731034
40161061
33511040
29511118
67731108
57691073
31911062
45481090
26841045
61091071
93551117
93721080
58001053
56451074
53811081
12491036
57201048
70941075
73011091
94911094
46461089
32781054
97031084
21851106
57541089
70761066
36191051
70101114
10251066
59561058
15391091
47801107
47961070
14091082
45851033
34421041
36431092
35281044
48361089
98871110
83541121
31091070
83961074
26951049
59061089
28041088
73691066
60901059
33141034
87491068
84681071
51141049
98451104
60251102
63141058
67991066
15911044
56631060
33011082
84751043
11921116
51461104
60061120
80791100
62851050
86331081
36061112
16061108
53261057
42001036
27701054
78551106
42221061
24051073
47811053
62671113
63281048
45841049
38741116
83511120
96471098
68811064
53981038
82551101
63871111
88841121
62771099
62331095
41141108
31921121
55891087
92881058
54521100
66991114
35221048
25561071
20221052
60021114
79191114
41851093
39561099
53971121
44001044
78351061
41961064
14611040
80231044
20901095
16391119
29011086
69221085
60101043
29801044
84961049
97681105
90941076
89721116
23171058
54751111
65621095
20201120
64541043
16301075
10211118
23781086
69951067
55051049
87541070
46371062
27541119
97311098
43421044
71871049
95291108
80911082
34581097
92611090
21651034
73911063
54951041
95631043
10031050
55141058
80821071
72861120
13071117
52811117
65161083
58801041
18071077
13281091
18361063
60441048
93081108
12631049
28841064
98171056
82721085
13061057
51051064
94631068
73461095
94271114
25251106
25161100
97681104
37021088
70461093
73871041
56691057
74911109
73381064
17441076
35591093
85671073
29951076
38861076
70071108
89781039
47031036
22501090
61291062
73311071
37181076
54411102
33721086
34471106
79981081
73561121
20161097
77661070
33071033
74821079
28151033
14901091
97871113
91441059
19801089
79991060
98661065
74781038
90501061
79471105
37681060
51911054
75241062
77631099
33421068
27041121
11671111
87041050
45181084
77561097
58811045
22531036
93921105
21971064
41491081
94521061
55491039
45811042
87581037
64341072
39131057
45861099
93691107
60961055
18321074
17971058
82721065
16871074
11731109
24101059
48601043
52701067
80491074
26111055
83781116
98181068
93791044
34401086
16161119
42221048
16351092
19841049
11291032
68511067
22911057
35631088
87861079
63681042
73521066
84301086
32731105
53081037
49081068
58071102
25021038
59081108
47681082
21531039
74921116
40571075
82121050
22371121
62261081
87771073
93321060
82601094
47311111
23361093
18881121
18151090
46311072
40951058
99691101
77361042
29411094
85181036
40951044
38711034
65361118
18161120
97381083
28131119
43001076
54961066
45441117
28171116
98261103
35011062
14871056
50751087
17301088
76041079
21281080
78471044
66901081
64671110
76821117
82691059
97411069
53461038
42311067
79311081
92881098
97581087
70581097
62911054
40461073
30991063
25971118
56241082
75641089
74931090
82901106
77961094
99861113
82231121
90911051
99861052
33821046
34381110
30931096
45281087
89171082
56881047
19761038
84081101
40081075
73951043
76821037
18161097
96411068
65861118
41351062
20381071
75771048
97971087
15861099
29681118
11071118
12441100
60131053
57251038
76311051
61281122
14461112
66561058
15821072
63131096
81961116
39741084
60991051
68711050
77351106
18961044
22111075
67311078
96181109
87781064
36901070
50371105
56691051
57051109
92541058
92961041
49141096
41911072
63251070
51891047
37481086
27911090
69811077
48071062
81421106
31811082
29341039
67331036
12721085
51261056
82331065
87911071
67481069
55341115
51781065
43861110
53331037
53861110
17801068
96001068
43491116
49011041
67721053
60531102
67471089
40961114
45061082
31811112
57561099
59391109
54631059
53501094
42501094
92741061
91191036
74751056
10501094
12121081
31791051
42291105
75671082
88671063
30201113
72551048
71571088
11841088
59371094
75311055
83571045
30551076
68201116
47761051
89031057
44431067
36051115
80401089
68441117
13761059
30611112
30011051
95051055
97681072
11221038
31471043
89271072
15171093
33361105
55451079
30421092
89701099
43241067
52861098
35551114
73541090
71251091
18661111
46851113
57381033
20731094
22481093
67401051
43941062
13381116
82541042
96031069
87441099
81881032
45241034
68051113
49431043
93701116
54021071
21931113
90041052
81271071
12051110
73811080
67141034
82161092
86201103
88181089
48731100
86741057
28381121
39461067
29741072
77651104
72591037
44881109
47331052
62141109
54021110
66481117
42581112
52751096
93961034
35621058
15041096
19141110
28731059
59091043
47461086
57011035
15581062
84241043
70371050
29981041
88061121
12471084
65791095
67551061
93391039
20091087
79801043
41031087
56011111
25451092
35611074
88241079
95651055
41491042
68531086
11361111
18291115
13521059
96011104
24751068
44271088
83121083
77301083
89891084
62681087
24751056
89531116
35051054
68511080
52791037
95501063
85241065
61931119
65741102
64961086
47081108
40571117
90191053
76331061
79061103
83151121
72591037
10651067
17791069
10831097
75281089
79991085
23941104
34691048
21821060
73271092
64021104
34551121
81931104
73321104
59551051
16561050
80981055
97641085
32111055
16611075
88011057
21171058
71161045
89711101
88471056
67641054
76381087
57471056
74891113
92921097
65701119
82291059
30341056
17241083
46691081
80791120
30751056
42781107
90121085
97911059
50361104
65631107
19721103
60301071
78381118
39501036
49631045
74771074
98171094
19551034
56811079
59171045
54871103
77661077
94591046
63431070
51441078
83721082
52281121
57061033
38441115
46771059
83801089
15201118
68631057
80951078
14301070
78891042
51131043
33761081
99091063
74671051
56901037
23351045
77721058
46851092
34711049
70011062
88001055
62631098
18321080
23561066
66251089
83631105
96761087
31541111
81331038
62081094
48681050
64981063
61761121
37271120
92961119
49611032
28231059
77611097
30791085
84621095
76921099
61881037
99271106
79071080
69361077
87921120
93431111
21291077
80811095
48841040
66721083
59821113
47111034
60861079
76201086
36271087
69541116
69191080
57071099
99821103
59691053
22361077
17001091
32571091
97261120
29461064
74031117
97121076
33301075
23171032
23491111
95141056
72821076
28621084
76001107
91681089
56061052
59881082
76331060
80111056
58661061
36851079
67601062
40481035
99201046
57961082
15041033
61321049
55531098
97241094
36811122
32511065
16601064
37731061
74761075
33831040
81221077
34321051
18021034
91961071
93711085
93631085
10181107
39711050
83801118
17351096
12901108
89481090
49451078
85051099
28371110
65011038
16981069
96131051
50651122
13191097
20961109
16941032
94101100
94171076
22671111
67231057
72171090
98381115
22351091
61701042
76841052
13751106
16581035
79221082
84401067
64741119
84401069
83941098
91601037
16191087
16641049
71241070
29981062
15841046
55431039
12851101
85141087
59101074
87091037
68671108
39481106
82641045
18471091
51091077
57831051
48511117
87741072
64491072
87931046
65391079
28561044
74461035
32571121
22291077
83401103
53991094
25861063
62461120
35281112
78821057
83691072
54511095
23511057
36311081
70901112
99371067
43701089
66231047
63491119
31441103
52151038
76961085
13931052
67731032
65581050
17561050
77691091
89341097
44331043
88561054
28361106
52221122
55321113
63221046
30071066
87401089
70891072
72931114
51971106
40801042
54281034
88941039
29521113
15341058
26581099
86731117
41451121
44031108
97811075
14941109
90611105
13841109
77611037
54301087
68271095
50381069
61081040
83541118
40771103
28601036
58751056
70241052
24011113
76041077
37211094
40191045
60341101
65071101
23621095
79141058
71091038
48811090
80841034
13701050
82681049
69781077
65681084
24201073
36051092
56441069
63291032
26601063
37221112
37531069
96941067
69831097
33201055
99871098
52601035
43801108
97211054
35471051
39311081
51951104
40831076
68201063
23321078
80211054
12931075
79501062
78721109
79791058
51881067
63861090
82471035
58201075
15751077
74211105
86101081
13761063
74001087
49011086
90251120
67721051
25281109
73851041
34471044
97041118
15511083
78471053
62081037
99671121
94171120
83921076
96891051
84211058
68081050
39841048
71711048
93911071
53111116
64281121
62801041
14211040
59711063
38481070
65291089
23921100
96411079
14201066
91511097
57431039
90671066
55121103
40761034
32301049
85491073
19411049
24171063
68791100
54831089
50381101
15151092
28431065
26531052
44121038
88201074
37161099
18301073
23481060
12971088
50341103
24891048
32061039
74701045
15411107
90241092
17991075
39991059
61341042
70421077
17271074
43631091
10001090
97951114
89461099
42351089
37661064
29031060
31601067
54211038
49511061
46891061
85121070
27201111
10271077
88991072
21311071
15831047
28221117
30741113
93361044
62181082
54131094
59821058
79531051
62701082
99911115
59251039
12391109
65571056
29761043
11561062
68501080
59021105
77621096
71221111
59541101
36421042
21191052
45531084
66861066
51701038
69831068
99891089
25661072
27531105
41521118
91261117
96451078
26931057
60301040
97321051
62521056
87781115
74871106
92081044
98381043
17161037
65381105
93341053
68321043
23901090
97201042
15641076
93111085
59841065
32631065
42001117
83071100
17701033
22081076
73711047
51941056
77651117
69421048
48391119
26701064
63581073
69591056
80061108
54821074
44111033
49021079
39011099
48091034
78371085
39291068
20641109
84131033
31151072
14221116
34941041
52251089
88761043
94631050
27381113
59351112
30501041
38811072
78971038
53211116
81021044
94631071
29331056
45871047