0.77652
0.99875
0.49382
0.48535
0.75904
0.40645
0.36097
0.84273
0.19324
0.53418
0.73737
0.25349
0.24826
0.27960
0.47305
0.43365
0.14413
0.85142
0.72061
0.54641
0.05520
0.74575
0.69720
0.37543
0.90001
0.03670
0.89847
0.31371
0.49453
0.02568
0.78977
0.53144
0.81031
0.38707
0.74137
0.24245
0.34476
0.91993
0.19803
0.31835
0.30005
0.33967
0.88764
0.15508
0.73607
0.99659
0.16756
0.13270
0.35547
0.34323
0.16642
0.82443
0.32908
0.11937
0.18113
0.35022
0.40410
0.97591
0.83947
0.55867
0.59175
0.76946
0.47250
0.17600
0.68107
0.06061
0.29930
0.53880
0.96022
0.70210
0.82086
0.36499
0.24341
0.19021
0.96718
0.21700
0.88385
0.01277
0.75649
0.62857
0.46024
0.91960
0.25146
0.76428
0.25757
0.94675
0.88794
0.08546
0.13888
0.29692
0.34212
0.70396
0.30533
0.03356
0.81355
0.18287
0.86404
0.25938
0.72754
0.23779
0.72827
0.54059
0.24267
0.78439
0.41799
0.27796
0.55993
0.20401
0.92030
0.43055
0.37446
0.90396
0.81020
0.90604
0.73939
0.36419
0.13588
0.00344
0.84100
0.10728
0.70775
0.20932
0.76480
0.71798
0.36515
0.33187
0.10736
0.96965
0.11761
0.12468
0.25615
0.90070
0.59457
0.31469
0.94868
0.67633
0.35138
0.88018
0.85752
0.69821
0.58725
0.05707
0.32079
0.45969
0.95494
0.47481
0.92647
0.04696
0.77498
0.37643
0.60744
0.95788
0.93080
0.49945
0.87234
0.58463
0.29282
0.09793
0.96910
0.01020
0.92731
0.01312
0.06619
0.93589
0.05847
0.91198
0.51092
0.45896
0.70495
0.57843
0.87673
0.18052
0.42384
0.98313
0.95451
0.30301
0.36190
0.24037
0.66648
0.99220
0.07089
0.77234
0.19693
0.79548
0.94303
0.58576
0.85277
0.16480
0.15442
0.66793
0.04327
0.34194
0.82334
0.78276
0.90420
0.46141
0.98124
0.30486
0.83383
0.98663
0.37172
0.08713
0.46735
0.14794
0.29591
0.33386
0.48465
0.16115
0.01458
0.15927
0.01011
0.34886
0.20321
0.72476
0.98377
0.51725
0.20443
0.76968
0.07289
0.95086
0.66484
0.53575
0.59320
0.19365
0.77910
0.85604
0.42493
0.56603
0.06191
0.30276
0.91588
0.74354
0.49457
0.94308
0.55484
0.10919
0.92093
0.46351
0.39021
0.23695
0.38046
0.80360
0.14091
0.18937
0.31844
0.33568
0.64841
0.63996
0.70050
0.91384
0.18883
0.02604
0.02588
0.14219
0.79536
0.03128
0.45368
0.08745
0.69180
0.17260
0.84495
0.40690
0.97254
0.66652
0.40248
0.48580
0.03042
0.80430
0.85893
0.61456
0.75781
0.48540
0.55241
0.87059
0.23476
0.57806
0.38250
0.56663
0.55479
0.31716
0.53499
0.01271
0.27369
0.88747
0.71002
0.51653
0.90293
0.49880
0.98079
0.04605
0.75321
0.66708
0.08578
0.89271
0.88018
0.57584
0.07296
0.97191
0.03469
0.81170
0.53597
0.77383
0.20121
0.72715
0.03367
0.18054
0.18501
0.36159
0.77516
0.07226
0.67073
0.06205
0.25553
0.91909
0.43244
0.44539
0.99435
0.09125
0.35714
0.00908
0.24711
0.32462
0.45880
0.24514
0.85497
0.06518
0.85583
0.45308
0.16705
0.84864
0.87762
0.93833
0.85457
0.77630
0.13344
0.88642
0.02438
0.61758
0.92502
0.96933
0.86999
0.40590
0.64828
0.19672
0.50452
0.66380
0.76717
0.57399
0.71388
0.35737
0.57030
0.52068
0.36681
0.08898
0.68524
0.26321
0.20828
0.93236
0.77614
0.65014
0.19161
0.27762
0.43482
0.22799
0.56273
0.91359
0.13598
0.92295
0.00169
0.88633
0.39472
0.02849
0.59567
0.21401
0.02171
0.00349
0.92827
0.70281
0.67641
0.67287
0.12833
0.46915
0.86859
0.92171
0.24229
0.12388
0.29874
0.45642
0.10880
0.48282
0.96040
0.46828
0.30737
0.11094
0.00886
0.38853
0.64997
0.97412
0.86736
0.17234
0.09809
0.96105
0.14797
0.89311
0.64504
0.53197
0.06009
0.55141
0.96896
0.58592
0.76223
0.70902
0.21522
0.36279
0.90268
0.96882
0.98370
0.91242
0.55331
0.04527
0.26214
0.95596
0.91352
0.05869
0.49355
0.24877
0.70011
0.88031
0.00865
0.99494
0.16711
0.68487
0.50756
0.33183
0.47392
0.17668
0.02953
0.13995
0.84954
0.51276
0.58779
0.08229
0.00525
0.06055
0.90465
0.41207
0.33172
0.89536
0.63141
0.60682
0.81013
0.56692
0.56283
0.72821
0.95932
0.57925
0.60861
0.79362
0.17134
0.18044
0.01502
0.93187
0.95537
0.14077
0.55935
0.44030
0.81644
0.19418
0.54413
0.59845
0.29750
0.41018
0.84271
0.91873
0.37209
0.06420
0.94981
0.31830
0.96939
0.47289
0.04099
0.05024
0.85715
0.02023
0.47885
0.06715
0.27405
0.88024
0.50374
0.17092
0.27339
0.46942
0.20292
0.81825
0.75281
0.01265
0.09173
0.40991
0.74985
0.55967
0.32794
0.74227
0.47939
0.33314
0.47922
0.83703
0.04238
0.74638
0.21659
0.62953
0.32841
0.87311
0.74751
0.08205
0.03490
0.47830
0.48871
0.26524
0.38507
0.53024
0.64178
0.21400
0.77467
0.57181
0.21789
0.47704
0.96603
0.67282
0.48058
0.99169
0.17635
0.32237
0.13421
0.46295
0.65340
0.88151
0.41955
0.77621
0.32435
0.80030
0.64684
0.37936
0.68335
0.45128
0.52869
0.82490
0.29191
0.88411
0.74868
0.85705
0.01458
0.14510
0.62543
0.56039
0.01345
0.43245
0.46732
0.50052
0.19697
0.96353
0.24710
0.68256
0.60637
0.06928
0.22562
0.34582
0.85526
0.92326
0.81416
0.92719
0.87458
0.81403
0.85486
0.82400
0.67776
0.83948
0.99919
0.53688
0.66509
0.51650
0.92527
0.90899
0.23662
0.46360
0.45537
0.56202
0.16580
0.26421
0.62704
0.06705
0.37291
0.09445
0.54367
0.28471
0.23547
0.06755
0.42864
0.38812
0.03831
0.61619
0.85805
0.27575
0.20359
0.39040
0.07338
0.81235
0.40081
0.33446
0.91902
0.69308
0.16420
0.62181
0.82252
0.28825
0.95134
0.39499
0.08800
0.99820
0.25458
0.87890
0.09025
0.01865
0.01466
0.17030
0.01787
0.79428
0.93561
0.28258
0.90320
0.06938
0.85092
0.82213
0.79701
0.44788
0.65824
0.62854
0.61298
0.40417
0.84171
0.94447
0.83061
0.33450
0.22725
0.47894
0.44529
0.37296
0.53721
0.68015
0.00244
0.19516
0.56821
0.40616
0.50965
0.89827
0.74570
0.32791
0.28122
0.97551
0.60128
0.41090
0.27056
0.98898
0.03039
0.72291
0.86886
0.15824
0.71944
0.32003
0.90652
0.57764
0.27105
0.51752
0.49260
0.46271
0.52291
0.22834
0.28219
0.67510
0.95219
0.05942
0.25740
0.43717
0.25019
0.31174
0.42586
0.03767
0.81435
0.24202
0.19914
0.09318
0.13777
0.21874
0.13435
0.30445
0.90636
0.39021
0.18626
0.61159
0.19061
0.88431
0.33560
0.88518
0.62316
0.97716
0.11516
0.11393
0.80235
0.68047
0.03014
0.39421
0.42800
0.46885
0.73293
0.38297
0.39213
0.56027
0.39734
0.60556
0.16454
0.58879
0.87869
0.75197
0.23180
0.64864
0.49638
0.57951
0.48344
0.94790
0.20740
0.21195
0.74131
0.53201
0.99332
0.15144
0.38169
0.40746
0.53022
0.03985
0.63226
0.79167
0.16681
0.74969
0.02746
0.17145
0.58247
0.74968
0.42914
0.16495
0.00212
0.69231
0.82550
0.88241
0.84614
0.26827
0.58237
0.47721
0.58025
0.73804
0.47958
0.95449
0.15322
0.72749
0.36920
0.73389
0.54254
0.08861
0.36997
0.76145
0.40044
0.28976
0.29336
0.12023
0.79709
0.40197
0.90100
0.67505
0.97642
0.10362
0.90236
0.95404
0.40445
0.10834
0.28699
0.63617
0.17087
0.28087
0.59825
0.73407
0.39586
0.59954
0.43433
0.86523
0.95793
0.13671
0.27236
0.95117
0.94428
0.52953
0.12385
0.58060
0.79478
0.71900
0.18932
0.64879
0.92019
0.13871
0.20392
0.37260
0.67371
0.12378
0.49422
0.78984
0.49159
0.16736
0.10291
0.53796
0.64168
0.05875
0.48805
0.70224
0.41135
0.82993
0.13798
0.32187
0.74134
0.84937
0.13074
0.67404
0.84687
0.27160
0.01339
0.44694
0.72045
0.95409
0.01267
0.76869
0.40640
0.43955
0.00177
0.60936
0.87468
0.29127
0.97446
0.06391
0.90778
0.45859
0.49739
0.26455
0.17524
0.03338
0.26810
0.38955
0.51342
0.09947
0.25487
0.17905
0.94625
0.65994
0.26464
0.06233
0.97086
0.03950
0.03107
0.10101
0.10666
0.05610
0.17052
0.04273
0.13450
0.61652
0.88960
0.66785
0.74515
0.79228
0.71051
0.24874
0.30250
0.03372
0.96571
0.09756
0.18930
0.79631
0.20416
0.63473
0.44177
0.27805
0.34430
0.51204
0.13430
0.78464
0.70379
0.31440
0.61780
0.55540
0.39051
0.58614
0.77257
0.34207
0.07012
0.33153
0.65415
0.65613
0.32639
0.05060
0.42673
0.05412
0.10416
0.27719
0.49474
0.80864
0.66015
0.93692
0.69129
0.69130
0.40122
0.95598
0.62381
0.01454
0.12224
0.09748
0.38963
0.09483
0.44749
0.96867
0.91354
0.18874
0.35012
0.51095
0.07689
0.32922
0.77870
0.73334
0.58630
0.99800
0.72831
0.90417
0.72479
0.22728
0.04333
0.10966
0.33370
0.33066
0.94318
0.54338
0.09478
0.40085
0.14904
0.71804
0.12892
0.58907
0.34932
0.70194
0.71570
0.53994
0.17000
0.42877
0.21202
0.18253
0.69126
0.51595
0.02009
0.89524
0.18044
0.52921
0.08819
0.97701
0.81399
0.28788
0.33024
0.75784
0.23341
0.72845
0.82405
0.32537
0.11905
0.32676
0.60952
0.80889
0.41933
0.93084
0.05733
0.12830
0.00451
0.29502
0.25637
0.64065
0.01035
0.67823
0.71029
0.52075
0.73672
0.31910
0.30536
0.06960
0.19977
0.34910
0.81234
0.96258
0.73454
0.85392
-1.0
