60.86
3.82
13.17
36.12
59.28
59.43
17.22
15.15
17.33
17.16
77.47
3.19
31.20
94.01
20.93
47.28
39.13
39.53
36.30
33.20
71.92
59.45
17.58
78.87
62.83
12.27
36.43
45.75
32.57
59.32
55.23
96.82
65.12
77.04
63.75
22.38
86.28
72.51
72.65
86.62
6.92
75.91
30.80
61.01
35.45
72.76
56.61
44.27
16.17
19.26
22.53
29.32
78.78
15.98
89.94
44.96
93.94
45.96
43.57
50.20
36.42
70.05
96.00
28.16
50.68
95.48
68.93
83.19
71.62
56.30
33.18
0.16
34.99
85.27
84.17
36.64
86.65
94.10
85.64
93.09
53.91
73.83
86.37
92.68
89.64
42.74
82.22
8.35
69.57
78.48
52.23
0.22
84.63
12.15
71.91
19.26
88.09
3.88
85.05
52.07
-1.0
